listing_id,high,medium,low
7142618,0.0765,0.3325,0.591
7210040,0.223,0.4375,0.3395
7103890,0.043,0.1065,0.8505
7143442,0.082,0.3745,0.5435
6860601,0.0275,0.267,0.7055
6840081,0.0065,0.034,0.9595
6922337,0.129,0.3455,0.5255
6913616,0.206,0.515,0.279
6937820,0.0605,0.238,0.7015
6893933,0.0395,0.21183333333333332,0.7486666666666667
6832604,0.01,0.026,0.964
6915282,0.176,0.4335,0.3905
7127565,0.02,0.1145,0.8655
6827899,0.0305,0.0965,0.873
6934855,0.008,0.048,0.944
6861826,0.012,0.2095,0.7785
6871643,0.0285,0.351,0.6205
6842542,0.0075,0.063,0.9295
6934145,0.0165,0.1065,0.877
6829365,0.147625,0.422375,0.43
7167858,0.0505,0.1135,0.836
6859483,0.0465,0.3125,0.641
6861377,0.0465,0.218,0.7355
6848960,0.2015,0.3395,0.459
6918850,0.0065,0.0375,0.956
6916867,0.101,0.35,0.549
6895840,0.0115,0.066,0.9225
6813539,0.462,0.2825,0.2555
7116900,0.0735,0.335,0.5915
6890328,0.298,0.32914166666666667,0.37285833333333335
6879406,0.099,0.25,0.651
6824924,0.133,0.3185,0.5485
6911302,0.0735,0.12925,0.79725
6918742,0.094,0.778,0.128
6910586,0.007,0.1605,0.8325
6821750,0.0305,0.179,0.7905
6860647,0.0295,0.1475,0.823
6932873,0.051,0.4105,0.5385
6846053,0.0175,0.1035,0.879
6940365,0.116,0.1715,0.7125
6931867,0.014,0.148,0.838
6876383,0.1685,0.3055,0.526
6910980,0.2135,0.4715,0.315
6880877,0.293,0.286,0.421
6839552,0.0855,0.4155,0.499
6838051,0.18541666666666667,0.4390833333333334,0.3755
6928201,0.584,0.24,0.176
6945608,0.075,0.7075,0.2175
6816147,0.0595,0.1925,0.748
6868129,0.0395,0.4427,0.5177999999999999
6849448,0.029,0.142,0.829
7113677,0.6595,0.2655,0.075
6930856,0.048,0.1305,0.8215
6889594,0.0325,0.484,0.4835
6842682,0.018,0.155,0.827
6880366,0.1335,0.441,0.4255
6835063,0.002,0.013,0.985
6820479,0.344,0.255,0.401
6882057,0.033,0.223,0.744
6834440,0.0655,0.4025,0.532
6880846,0.0005,0.013,0.9865
6847248,0.0005,0.0285,0.971
6868368,0.0045,0.0615,0.934
6943505,0.009,0.0395,0.9515
7174304,0.028,0.1855,0.7865
6880747,0.0195,0.169,0.8115
6933565,0.055,0.291,0.654
6888511,0.0065,0.019,0.9745
6942704,0.085,0.38175,0.53325
6840304,0.13625,0.3105833333333334,0.5531666666666667
6856860,0.0155,0.096,0.8885
6884921,0.003,0.019,0.978
6937417,0.0115,0.1485,0.84
6831129,0.001,0.0235,0.9755
6936660,0.1035,0.595,0.3015
6940667,0.005,0.0825,0.9125
7201307,0.003,0.011,0.986
6825434,0.0305,0.196,0.7735
6848114,0.0495,0.11924166666666666,0.8312583333333334
6947758,0.5695,0.2765,0.154
6897002,0.035166666666666666,0.2855,0.6793333333333333
6926661,0.003,0.1015,0.8955
6867411,0.1025,0.24825,0.64925
6910154,0.012,0.173,0.815
7157900,0.0275,0.272,0.7005
6922324,0.04,0.351,0.609
6863068,0.067,0.2425,0.6905
6912109,0.021,0.2675,0.7115
6918609,0.021,0.198,0.781
6889300,0.096,0.339,0.565
6837794,0.060375,0.372125,0.5675
6943098,0.3455,0.2635,0.391
6927601,0.1135,0.3215,0.565
6897826,0.0325,0.1995,0.768
6882892,0.0085,0.051,0.9405
6873384,0.273,0.3225,0.4045
6934693,0.025666666666666667,0.2063333333333333,0.768
7224450,0.036,0.1875,0.7765
6898157,0.008,0.1,0.892
6837355,0.0,0.036,0.964
6830595,0.109,0.526875,0.364125
6943561,0.1285,0.519,0.3525
6844380,0.204,0.5125,0.2835
6814286,0.083,0.18083333333333335,0.7361666666666666
6898520,0.128,0.6125,0.2595
6940979,0.49975,0.21558333333333335,0.2846666666666666
6851090,0.2829166666666667,0.4275,0.2895833333333333
7107169,0.052,0.336,0.612
6830287,0.33954166666666663,0.1231,0.5373583333333334
6933575,0.0665,0.6875,0.246
6938972,0.024,0.1605,0.8155
6888315,0.0005,0.0355,0.964
6855106,0.0085,0.15,0.8415
6838237,0.071,0.7073333333333334,0.22166666666666665
6901024,0.0985,0.3815,0.52
6846627,0.007,0.1495,0.8435
7219857,0.0085,0.056,0.9355
6852685,0.033,0.4205,0.5465
6831610,0.1975,0.4515,0.351
6943538,0.182,0.378,0.44
6911637,0.0085,0.0265,0.965
6854543,0.0215,0.1095,0.869
6940451,0.052,0.3335,0.6145
6819530,0.3075,0.35,0.3425
7093396,0.026,0.233,0.741
6840326,0.0185,0.175,0.8065
6834204,0.0195,0.0525,0.928
6902518,0.14520833333333333,0.30356666666666665,0.5512250000000001
6930253,0.0525,0.2415,0.706
6828293,0.0075,0.143,0.8495
7203744,0.39,0.197,0.413
6816478,0.10025,0.34725,0.5525
6868890,0.0105,0.1255,0.864
6879338,0.079,0.403,0.518
6898532,0.1175,0.187,0.6955
6899965,0.0205,0.20783333333333334,0.7716666666666667
7133875,0.006,0.0555,0.9385
6822218,0.0515,0.2895,0.659
6814018,0.35353154761904754,0.14585,0.5006184523809524
6896376,0.135,0.3995,0.4655
6918670,0.1605,0.499,0.3405
6867839,0.002,0.017,0.981
6823554,0.011,0.1045,0.8845
6934798,0.138,0.23607499999999998,0.625925
6820823,0.1465,0.456,0.3975
6880212,0.039,0.127,0.834
6934814,0.0165,0.116,0.8675
7254134,0.112,0.105,0.783
6938303,0.253,0.4265,0.3205
6813807,0.183,0.28,0.537
6878604,0.022,0.096,0.882
6876763,0.07,0.12683333333333333,0.8031666666666666
6844352,0.007,0.0905,0.9025
6915939,0.303,0.4155,0.2815
7109370,0.068,0.3405,0.5915
6855445,0.108,0.206,0.686
6818668,0.0275,0.335,0.6375
6836527,0.0,0.0125,0.9875
6831717,0.042,0.2735,0.6845
6937162,0.10166666666666667,0.4515,0.4468333333333333
6922876,0.014,0.084,0.902
7109482,0.0515,0.4345,0.514
6940972,0.11,0.345,0.545
6883790,0.162,0.5159750000000002,0.32202500000000006
6921643,0.014,0.147,0.839
6935700,0.0125,0.198,0.7895
6827025,0.035,0.208,0.757
6943096,0.07,0.1625,0.7675
7161468,0.0395,0.0895,0.871
6879610,0.0165,0.212125,0.771375
6935762,0.062,0.365,0.573
6925042,0.0345,0.127,0.8385
7121050,0.0595,0.2255,0.715
6821601,0.0955,0.253,0.6515
6926810,0.0115,0.088,0.9005
6946532,0.04,0.268,0.692
6875171,0.05916666666666667,0.37945833333333334,0.561375
7096285,0.16225,0.43775,0.4
6812321,0.0755,0.175,0.7495
6822697,0.0925,0.1745,0.733
6941294,0.01,0.25,0.74
6873564,0.002,0.0115,0.9865
6926791,0.0305,0.284,0.6855
7142444,0.5505,0.281,0.1685
6878128,0.038,0.5621666666666666,0.3998333333333333
6927428,0.1095,0.4385,0.452
6812674,0.0025,0.01,0.9875
6881774,0.217,0.3185,0.4645
7167797,0.0005,0.0525,0.947
6865238,0.147,0.584,0.269
6841710,0.202,0.265,0.533
6856334,0.009,0.081,0.91
6906462,0.0155,0.144,0.8405
6837438,0.1505,0.30095000000000005,0.5485500000000001
6908277,0.265,0.371,0.364
6841291,0.024,0.0795,0.8965
6915178,0.1395,0.5225,0.338
6893031,0.305,0.3835,0.3115
6894985,0.32911666666666667,0.4825,0.18838333333333332
6931134,0.084,0.349,0.567
6872264,0.569,0.2365,0.1945
6816953,0.20908571428571435,0.25535,0.5355642857142857
7163518,0.3725,0.419,0.2085
6893253,0.058,0.196625,0.745375
6943822,0.0565,0.3265,0.617
6946313,0.0515,0.1605,0.788
6839443,0.033,0.1545,0.8125
6911338,0.023,0.255,0.722
7223877,0.41825,0.3485,0.23325
6917884,0.0305,0.318,0.6515
6823126,0.0035,0.047,0.9495
6939488,0.29129999999999995,0.418,0.29070000000000007
7196924,0.056666666666666664,0.1698333333333333,0.7735
6905685,0.042,0.22,0.738
6894092,0.0115,0.0265,0.962
6812181,0.028666666666666663,0.265375,0.7059583333333334
6854610,0.0245,0.204,0.7715
6873754,0.17,0.3795,0.4505
6859181,0.949,0.031,0.02
6825402,0.0125,0.182,0.8055
6819526,0.041,0.161,0.798
6896065,0.006,0.0785,0.9155
6931793,0.1045,0.3075,0.588
6907360,0.017,0.23,0.753
6813182,0.031,0.1655,0.8035
6823959,0.0695,0.204,0.7265
6942189,0.1485,0.424,0.4275
6844384,0.0105,0.114,0.8755
6836888,0.36579166666666674,0.24470833333333333,0.3895
6917844,0.013,0.285,0.702
6937842,0.0585,0.459,0.4825
6926917,0.112,0.249,0.639
7160740,0.0395,0.16299999999999998,0.7975
6936310,0.07933333333333334,0.3615833333333333,0.5590833333333334
6849109,0.1595,0.415,0.4255
6831018,0.002,0.018,0.98
6909842,0.002,0.0515,0.9465
6861360,0.003,0.0255,0.9715
6883414,0.0525,0.256,0.6915
6876026,0.1775,0.167575,0.654925
7095390,0.003,0.005,0.992
6932265,0.513,0.274,0.213
6870949,0.034,0.3035,0.6625
6831335,0.0335,0.2445,0.722
6895698,0.095,0.2415,0.6635
6889889,0.1015,0.259,0.6395
6876679,0.0835,0.2203666666666667,0.6961333333333333
6947097,0.475,0.1345,0.3905
6874970,0.043,0.167,0.79
6831069,0.553,0.232,0.215
6833628,0.1325,0.193,0.6745
6819282,0.07,0.2885,0.6415
6825025,0.0205,0.241,0.7385
6856513,0.0175,0.179,0.8035
6928711,0.004,0.028,0.968
6832548,0.072,0.4145,0.5135
6881870,0.054,0.3345,0.6115
6866978,0.114,0.624,0.262
7163400,0.3725,0.419,0.2085
6917187,0.1215,0.7478333333333332,0.13066666666666668
6927475,0.03,0.3285,0.6415
6903243,0.03,0.238,0.732
6876188,0.022,0.057,0.921
6922219,0.0375,0.08,0.8825
7104085,0.0045,0.0,0.9955
6920897,0.0755,0.55,0.3745
6812177,0.1125,0.22883333333333333,0.6586666666666667
6941047,0.0875,0.606,0.3065
6827609,0.0065,0.0435,0.95
6934328,0.011,0.113,0.876
6937556,0.48,0.33030000000000004,0.18969999999999998
6879765,0.084,0.562,0.354
6942927,0.006,0.0905,0.9035
6945170,0.053,0.2523333333333333,0.6946666666666668
6901915,0.075,0.3875,0.5375
6824475,0.03816666666666666,0.17283333333333334,0.789
6832968,0.039,0.1815,0.7795
7166718,0.0005,0.044,0.9555
6905079,0.0285,0.2345,0.737
6940297,0.17758333333333332,0.51225,0.31016666666666665
6911080,0.0595,0.473,0.4675
6917208,0.06,0.215125,0.724875
6858925,0.0835,0.6115,0.305
7169883,0.1805,0.457,0.3625
6944112,0.296,0.4357916666666667,0.2682083333333333
6885816,0.033,0.1545,0.8125
6837733,0.043,0.0615,0.8955
6828658,0.198,0.207,0.595
6839429,0.1585,0.345,0.4965
7164794,0.0185,0.183,0.7985
6837661,0.133,0.205,0.662
6883255,0.016,0.058,0.926
6833054,0.0895,0.279,0.6315
7675463,0.062,0.442,0.496
6871526,0.2321666666666667,0.2109166666666667,0.5569166666666667
6876295,0.133,0.4425,0.4245
7204045,0.013,0.186,0.801
6840357,0.1305,0.358,0.5115
6917531,0.0015,0.05,0.9485
6886057,0.34825,0.3729166666666667,0.2788333333333334
6833734,0.037,0.458,0.505
6908098,0.0735,0.379,0.5475
6860562,0.0185,0.19,0.7915
6859167,0.1055,0.29720833333333335,0.5972916666666668
6812141,0.0185,0.151,0.8305
6919431,0.003,0.0445,0.9525
6869389,0.027,0.211,0.762
6906034,0.0575,0.104,0.8385
7108495,0.003,0.0115,0.9855
6864681,0.0075,0.117,0.8755
6893982,0.0335,0.1335,0.833
6862160,0.0115,0.095,0.8935
6854804,0.132,0.3565,0.5115
7143164,0.009,0.4715,0.5195
6936651,0.0395,0.17225,0.78825
6837450,0.0625,0.221,0.7165
6908259,0.397,0.22327500000000003,0.37972500000000003
6916539,0.0615,0.21733333333333335,0.7211666666666666
6947176,0.1435,0.151,0.7055
6933958,0.2615,0.441,0.2975
6816549,0.1975,0.453,0.3495
6876117,0.002,0.1375,0.8605
6848605,0.052,0.2065,0.7415
6840659,0.037,0.116,0.847
6823496,0.16125,0.58025,0.2585
6912609,0.0,0.001,0.999
7097937,0.011,0.0485,0.9405
6924524,0.042,0.2235,0.7345
6938236,0.044,0.155,0.801
6865751,0.003,0.014,0.983
6936323,0.0115,0.098,0.8905
6868422,0.206,0.315,0.479
7210133,0.029,0.306,0.665
7215631,0.012,0.073,0.915
6940189,0.061,0.37470833333333337,0.5642916666666667
6888941,0.0225,0.033,0.9445
6831598,0.0515,0.383,0.5655
6939963,0.0135,0.182,0.8045
6897175,0.4355,0.335,0.2295
6816167,0.0525,0.1525,0.795
6812965,0.041,0.2765,0.6825
7149372,0.277,0.4475,0.2755
6875959,0.006,0.044,0.95
6925644,0.0325,0.4955,0.472
6874269,0.0555,0.345625,0.598875
6814721,0.023,0.1535,0.8235
6922432,0.011,0.4425,0.5465
6858861,0.0135,0.18,0.8065
6835339,0.0,0.0035,0.9965
6896997,0.06,0.418,0.522
6921134,0.0025,0.017,0.9805
6883685,0.319,0.39,0.291
6911406,0.0015,0.0005,0.998
6825733,0.27,0.3387916666666666,0.3912083333333333
6884462,0.121,0.51875,0.36025
6858682,0.01,0.076,0.914
6894013,0.2555,0.343,0.4015
6856391,0.44475,0.314,0.24125
6828064,0.002,0.0455,0.9525
6817336,0.002,0.025,0.973
6819178,0.1205,0.2425,0.637
7147339,0.1405,0.3905,0.469
6887757,0.1145,0.498,0.3875
6946859,0.1085,0.295,0.5965
6855963,0.025,0.098,0.877
6839828,0.1175,0.4755,0.407
6870806,0.146,0.2505,0.6035
6880221,0.0815,0.3355,0.583
6921809,0.0445,0.37725,0.57825
6897069,0.0285,0.271,0.7005
6897157,0.1765,0.2595,0.564
6898912,0.0765,0.194,0.7295
6856271,0.1215,0.436,0.4425
6888381,0.0005,0.0125,0.987
7099191,0.0005,0.0815,0.918
6917882,0.15725,0.3345,0.50825
6931260,0.0015,0.057,0.9415
6849996,0.0575,0.2605,0.682
6887973,0.08,0.315,0.605
6850205,0.0995,0.635,0.2655
6845657,0.091,0.30751666666666666,0.6014833333333334
6930302,0.008,0.066875,0.925125
6852391,0.087,0.2175,0.6955
6920411,0.4025,0.285,0.3125
6907999,0.0075,0.09,0.9025
6864094,0.016,0.214,0.77
6813852,0.048791666666666664,0.236375,0.7148333333333333
7232295,0.292,0.37,0.338
6896558,0.0715,0.1255,0.803
6858919,0.046,0.55,0.404
6847828,0.03,0.15941666666666668,0.8105833333333332
6925116,0.1605,0.2365,0.603
6854687,0.0765,0.21225833333333333,0.7112416666666668
6946415,0.078,0.509,0.413
6827859,0.0,0.0005,0.9995
6884313,0.4360166666666668,0.39723333333333327,0.16674999999999998
6848651,0.055,0.23,0.715
7136298,0.03,0.1105,0.8595
6874534,0.0225,0.1305,0.847
6908942,0.286,0.362,0.352
6894718,0.0025,0.0535,0.944
6876449,0.1475,0.3355,0.517
6825630,0.12791666666666668,0.25904999999999995,0.6130333333333334
7155655,0.049,0.258,0.693
7201310,0.0115,0.179,0.8095
6864334,0.0305,0.1875,0.782
6876658,0.019,0.081,0.9
6842370,0.067,0.24875,0.68425
6835467,0.3375,0.3400333333333333,0.3224666666666667
7227368,0.0575,0.0955,0.847
6859482,0.06266666666666668,0.207,0.7303333333333333
6878641,0.052,0.1965,0.7515
6869916,0.0,0.0035,0.9965
6841060,0.011,0.1145,0.8745
6887832,0.024,0.1515,0.8245
6905898,0.015,0.045,0.94
7104742,0.06783333333333334,0.5354166666666667,0.39675
6948090,0.0435,0.292,0.6645
6839851,0.104,0.3965,0.4995
6934051,0.005,0.06,0.935
6888727,0.2,0.4435,0.3565
7167478,0.013,0.049,0.938
6892109,0.0695,0.7335,0.197
6908544,0.296,0.385,0.319
6921725,0.0375,0.339,0.6235
6932343,0.0715,0.6605,0.268
6914309,0.0125,0.2315,0.756
6919805,0.118,0.24875,0.63325
6947828,0.0465,0.138,0.8155
6920362,0.107,0.3275,0.5655
7110179,0.2865,0.62605,0.08745
6877834,0.2025,0.56175,0.23575
6876966,0.196,0.5175,0.2865
6823918,0.052,0.2385,0.7095
6871243,0.008,0.103,0.889
6928189,0.28,0.311,0.409
6852455,0.1415,0.164,0.6945
7208631,0.039,0.268,0.693
6831811,0.147,0.657,0.196
6904276,0.0065,0.0815,0.912
6831589,0.035,0.247,0.718
6901814,0.053,0.1725,0.7745
6854667,0.702,0.242,0.056
7192650,0.0055,0.08,0.9145
6836299,0.058,0.194,0.748
6887919,0.0065,0.188,0.8055
6927679,0.1215,0.363,0.5155
6855908,0.117,0.1855,0.6975
6854766,0.0065,0.1055,0.888
6847472,0.028,0.1615,0.8105
6862519,0.0695,0.292,0.6385
6938819,0.472,0.2045,0.3235
6945434,0.1685,0.42,0.4115
6832722,0.6995,0.1755,0.125
6852707,0.01,0.102,0.888
7177680,0.0185,0.208,0.7735
6834945,0.0065,0.012,0.9815
6890316,0.031,0.2835,0.6855
6816620,0.013,0.0495,0.9375
6945175,0.029,0.157,0.814
6914016,0.0415,0.246,0.7125
6852619,0.147,0.215,0.638
6813211,0.1225,0.441,0.4365
6820546,0.0255,0.1915,0.783
6836128,0.013,0.021666666666666667,0.9653333333333334
6850557,0.123,0.4245,0.4525
6864997,0.1765,0.141,0.6825
6883705,0.0545,0.0635,0.882
6898767,0.0075,0.046,0.9465
6866020,0.037,0.106,0.857
7126382,0.3475,0.5805,0.072
6847427,0.276,0.3175,0.4065
6841013,0.023,0.2205,0.7565
6909469,0.0005,0.0145,0.985
6922473,0.0045,0.0535,0.942
6925906,0.093,0.377625,0.529375
6946014,0.0305,0.31,0.6595
6820739,0.02,0.174,0.806
6927559,0.416,0.309,0.275
7174772,0.007,0.0545,0.9385
6931036,0.028,0.2075,0.7645
6918163,0.0115,0.212,0.7765
6893604,0.1545,0.329,0.5165
6868844,0.09,0.34475,0.56525
6814537,0.504,0.29816666666666664,0.1978333333333333
6916118,0.003,0.0225,0.9745
6838509,0.031,0.3365,0.6325
6919725,0.1285,0.517,0.3545
6932476,0.0,0.02,0.98
6860496,0.039,0.3635,0.5975
7156799,0.093,0.613,0.294
6837521,0.015,0.2135,0.7715
6913204,0.0325,0.4495,0.518
6947516,0.0675,0.305,0.6275
6838117,0.0375,0.1215,0.841
6933366,0.0325,0.1425,0.825
7134198,0.0735,0.4075,0.519
6898450,0.062,0.303,0.635
6819926,0.0245,0.149,0.8265
6947698,0.034,0.1215,0.8445
6838721,0.005,0.052,0.943
6936661,0.0925,0.5219583333333333,0.38554166666666667
6912257,0.018,0.151,0.831
6905569,0.0025,0.041,0.9565
6927167,0.279,0.315,0.406
7150689,0.019,0.047,0.934
6820358,0.11075,0.18275,0.7065
6945045,0.077,0.438,0.485
6866884,0.024,0.095125,0.880875
6820658,0.0975,0.445,0.4575
6826462,0.041,0.48,0.479
6932390,0.068,0.334,0.598
6905031,0.368,0.2235,0.4085
6923011,0.013,0.0465,0.9405
6908504,0.177,0.4365,0.3865
6881050,0.3915833333333334,0.118,0.4904166666666666
6892968,0.0135,0.261,0.7255
7346996,0.0695,0.493,0.4375
6876206,0.047,0.2575,0.6955
6813475,0.1675,0.17504166666666665,0.6574583333333334
7190057,0.066,0.173,0.761
6838465,0.18,0.2535,0.5665
6899364,0.0375,0.2275,0.735
6891616,0.0005,0.002,0.9975
6836715,0.078,0.1905,0.7315
6829616,0.012,0.11866666666666666,0.8693333333333333
6829144,0.069,0.4455,0.4855
6893064,0.0175,0.128,0.8545
6861300,0.0075,0.106,0.8865
6926847,0.0245,0.431,0.5445
6894021,0.021,0.078,0.901
6897946,0.0315,0.3025,0.666
6835716,0.1555,0.329,0.5155
6832160,0.4015,0.2465,0.352
6835291,0.0385,0.1895,0.772
6945184,0.0325,0.2015,0.766
7140488,0.0385,0.26925,0.69225
6937850,0.1565,0.3608333333333334,0.48266666666666663
6899603,0.0745,0.12608333333333335,0.7994166666666668
6903105,0.111,0.3465,0.5425
6828476,0.0065,0.0925,0.901
6835098,0.007,0.032,0.961
6830512,0.08875,0.18225,0.729
6879997,0.031,0.1635,0.8055
7131517,0.0555,0.3546,0.5899
6835955,0.262,0.2969666666666667,0.44103333333333333
6875250,0.0345,0.1615,0.804
6932794,0.0665,0.319,0.6145
6948263,0.036,0.49,0.474
6867201,0.24,0.5245,0.2355
6882748,0.173,0.26775,0.55925
6902842,0.11,0.276,0.614
6847535,0.1105,0.378,0.5115
6825267,0.0595,0.2595,0.681
6909277,0.048,0.1075,0.8445
7152429,0.40925,0.45141666666666663,0.1393333333333333
6931179,0.001,0.0285,0.9705
6896746,0.219,0.3895,0.3915
6937073,0.014,0.2275,0.7585
6934627,0.0015,0.0085,0.99
6887878,0.1195,0.401,0.4795
6921531,0.023,0.1865,0.7905
6897461,0.0155,0.067,0.9175
6862066,0.133,0.3955,0.4715
6851531,0.1595,0.58925,0.25125
6928550,0.0385,0.1165,0.845
6945851,0.0765,0.2125,0.711
6946955,0.0035,0.034,0.9625
6869136,0.2825,0.5425,0.175
6908667,0.05316666666666667,0.20937500000000003,0.7374583333333332
6820525,0.259,0.2755,0.4655
6887970,0.072,0.5415,0.3865
6848365,0.0345,0.3335,0.632
6816173,0.06,0.2175,0.7225
6900732,0.0,0.0155,0.9845
6815786,0.128,0.3694583333333334,0.5025416666666667
6945972,0.1705,0.398,0.4315
6848445,0.0645,0.1805,0.755
6856486,0.17,0.396,0.434
6867010,0.0265,0.3327,0.6407999999999999
6828257,0.3945,0.223,0.3825
6871807,0.025,0.294,0.681
7212966,0.0,0.0185,0.9815
6889959,0.1555,0.2805,0.564
6915510,0.0055,0.075,0.9195
6905402,0.0055,0.0615,0.933
6826100,0.062,0.533,0.405
6848893,0.03,0.163,0.807
7155647,0.202,0.1425,0.6555
6812883,0.157,0.7395,0.1035
6866095,0.0045,0.1115,0.884
6931127,0.003,0.064,0.933
6829407,0.0235,0.155,0.8215
6867548,0.455,0.34358333333333335,0.20141666666666666
7132575,0.044,0.2925,0.6635
6890847,0.032,0.3435,0.6245
6916429,0.01,0.031,0.959
6884716,0.447,0.391,0.162
6896897,0.292,0.405,0.303
6941572,0.047,0.1605,0.7925
6945277,0.086,0.4165,0.4975
7133293,0.008,0.089,0.903
7213385,0.017,0.0875,0.8955
6831928,0.0875,0.416,0.4965
6932687,0.015,0.0815,0.9035
6873877,0.0305,0.09275,0.87675
7135459,0.2025,0.347,0.4505
6876620,0.001,0.0305,0.9685
6936163,0.007,0.1335,0.8595
6912398,0.185,0.2605,0.5545
6917655,0.0165,0.079,0.9045
6941149,0.03483333333333333,0.1386666666666667,0.8265
6941378,0.01,0.095,0.895
6882453,0.009,0.2265,0.7645
7119160,0.026,0.223,0.751
6868451,0.068,0.3975,0.5345
6945881,0.064,0.2635,0.6725
6822541,0.0945,0.2805,0.625
6884355,0.1035,0.2743333333333334,0.6221666666666668
7132247,0.049,0.3185,0.6325
6872049,0.1005,0.3835,0.516
6890740,0.0155,0.06,0.9245
6840897,0.1485,0.155,0.6965
6847694,0.0255,0.143,0.8315
6938196,0.015,0.1245,0.8605
6939526,0.0415,0.2985,0.66
6917529,0.0005,0.0235,0.976
6885636,0.004,0.14,0.856
7202614,0.001,0.0115,0.9875
6926453,0.112,0.597,0.291
6844636,0.296,0.15410833333333335,0.5498916666666667
6879293,0.387,0.3295,0.2835
6924780,0.1645,0.242,0.5935
6881024,0.048,0.059,0.893
6851374,0.048,0.3805,0.5715
6850953,0.0245,0.1455,0.83
6892292,0.0085,0.068,0.9235
6886159,0.0095,0.09,0.9005
6849877,0.207,0.363,0.43
6940840,0.0195,0.1805,0.8
6926838,0.0335,0.216,0.7505
6879243,0.257,0.369,0.374
6944286,0.0455,0.320125,0.634375
6915587,0.3408333333333333,0.4479166666666667,0.21125
6881904,0.0945,0.29,0.6155
7154358,0.247,0.2775,0.4755
6899258,0.0015,0.09,0.9085
6855460,0.2285,0.5815,0.19
6864884,0.033,0.1995,0.7675
6868209,0.0905,0.361,0.5485
6853834,0.057,0.3315,0.6115
7210020,0.0575,0.3795,0.563
6933228,0.0455,0.1845,0.77
6929227,0.108,0.23600833333333335,0.6559916666666668
7192346,0.139,0.2711666666666666,0.5898333333333332
6928834,0.0135,0.172,0.8145
6812269,0.0385,0.1465,0.815
6851446,0.083,0.245,0.672
6930820,0.0025,0.014,0.9835
6875310,0.115,0.197,0.688
6932397,0.179,0.529,0.292
6904291,0.003,0.0325,0.9645
6921642,0.102,0.259,0.639
7136057,0.3195,0.279875,0.400625
6920815,0.0095,0.0675,0.923
6861757,0.1545,0.5585,0.287
6934222,0.38,0.287,0.333
6946448,0.0465,0.214,0.7395
6890569,0.248,0.251,0.501
6884477,0.089,0.321,0.59
7145006,0.0025,0.055,0.9425
6893718,0.002,0.0275,0.9705
6893330,0.008,0.2575,0.7345
6901780,0.004,0.065,0.931
6815738,0.119,0.464,0.417
6917209,0.0635,0.206,0.7305
6904227,0.0045,0.0255,0.97
6894402,0.0005,0.074,0.9255
7146083,0.0595,0.2245,0.716
6902153,0.007,0.054,0.939
6925988,0.0995,0.3323333333333333,0.5681666666666667
6881323,0.0,0.0,1.0
6937405,0.3025,0.19,0.5075
7098390,0.1405,0.4625,0.397
6935942,0.129,0.5075,0.3635
6833510,0.054,0.4455,0.5005
6812857,0.069,0.5185,0.4125
6828441,0.2175,0.28575,0.49675
6915711,0.156,0.5325,0.3115
6880643,0.2694,0.479,0.2516
7224930,0.0465,0.6225,0.331
6852614,0.0005,0.0345,0.965
6853816,0.075,0.2085,0.7165
6811964,0.151,0.278,0.571
6847800,0.012,0.063,0.925
6859897,0.184,0.3655,0.4505
6882929,0.0035,0.0725,0.924
7157584,0.0065,0.0775,0.916
6863444,0.006,0.025,0.969
6836902,0.002,0.034,0.964
6918960,0.148,0.2525,0.5995
6882854,0.0595,0.2135,0.727
6822755,0.004,0.1185,0.8775
6815184,0.1857916666666667,0.3565,0.4577083333333334
6846582,0.0495,0.1525,0.798
6940309,0.0255,0.132,0.8425
6924056,0.0075,0.0835,0.909
6824481,0.0215,0.1595,0.819
6839735,0.006,0.054,0.94
6900130,0.0405,0.239,0.7205
6946739,0.008,0.0185,0.9735
7144008,0.0215,0.2235,0.755
6863751,0.003,0.0265,0.9705
6820293,0.034,0.363,0.603
6818472,0.04,0.188,0.772
6832420,0.0495,0.2001,0.7504
6879450,0.0,0.067,0.933
6943618,0.029,0.127,0.844
6883463,0.0355,0.2535,0.711
6834919,0.169,0.294,0.537
7505696,0.0125,0.0185,0.969
6903645,0.038,0.218,0.744
6831148,0.4595,0.21,0.3305
6828948,0.0935,0.152,0.7545
6878495,0.005,0.107,0.888
6924862,0.006,0.0515,0.9425
6887802,0.0315,0.34975,0.61875
6903228,0.515,0.3075,0.1775
6947415,0.0005,0.0085,0.991
6941508,0.394,0.265,0.341
6856111,0.018,0.296,0.686
7126808,0.024,0.1325,0.8435
6939857,0.0155,0.1585,0.826
6822528,0.205,0.35,0.445
6947631,0.159,0.317,0.524
6887810,0.0075,0.221,0.7715
6849210,0.030158333333333332,0.36555,0.6042916666666668
6901742,0.001,0.0285,0.9705
6850925,0.4065,0.4023333333333334,0.19116666666666665
7181995,0.2185,0.2405,0.541
6841559,0.0065,0.024,0.9695
6822957,0.104,0.0705,0.8255
6943349,0.017,0.167,0.816
6923825,0.026,0.23008333333333333,0.7439166666666667
6871218,0.261,0.3758,0.36319999999999997
6932761,0.1065,0.339,0.5545
7168983,0.0845,0.2365,0.679
6853713,0.3715,0.2835,0.345
6814124,0.076,0.306,0.618
6828980,0.0025,0.405,0.5925
6939747,0.016,0.268,0.716
6862615,0.096,0.4145,0.4895
6911182,0.0205,0.0715,0.908
6947421,0.0595,0.2,0.7405
7163662,0.0,0.0055,0.9945
6933362,0.147,0.2605,0.5925
6822086,0.0485,0.18,0.7715
6939543,0.0985,0.24558333333333335,0.6559166666666666
6882675,0.0735,0.4215,0.505
6925986,0.003,0.0775,0.9195
6927417,0.072,0.709,0.219
6824119,0.2125,0.4025,0.385
6923589,0.06108333333333333,0.289,0.6499166666666666
7205380,0.0015,0.0595,0.939
6904992,0.0745,0.248,0.6775
6857676,0.0565,0.196,0.7475
6942001,0.0575,0.35835833333333345,0.5841416666666669
7187800,0.0245,0.219,0.7565
6877985,0.2995,0.347,0.3535
6821414,0.052,0.1255,0.8225
6864512,0.007,0.1105,0.8825
6827448,0.041,0.201,0.758
6908603,0.007,0.058,0.935
7229431,0.036,0.152,0.812
6887335,0.01,0.068,0.922
6882828,0.0385,0.2815,0.68
6899958,0.0325,0.2385,0.729
6824008,0.0735,0.363,0.5635
6903906,0.227,0.218,0.555
7115894,0.1675,0.7065,0.126
6941723,0.0125,0.1595,0.828
6839785,0.2285,0.3465,0.425
6886776,0.0265,0.205,0.7685
6916643,0.014,0.038,0.948
6913846,0.1385,0.2385,0.623
6890122,0.015,0.07,0.915
6835099,0.0085,0.071,0.9205
6945428,0.0775,0.38625,0.53625
6887669,0.046,0.24483333333333335,0.7091666666666666
6935132,0.0005,0.006,0.9935
6857587,0.058,0.211,0.731
6935498,0.07,0.376,0.554
6947868,0.1685,0.5125,0.319
6850003,0.0625,0.4805,0.457
6852354,0.152,0.28225,0.56575
6919832,0.013,0.0985,0.8885
6812510,0.0415,0.066,0.8925
6896715,0.1185,0.23883333333333334,0.6426666666666667
7227507,0.026,0.1085,0.8655
6887453,0.0335,0.2165,0.75
6921056,0.112,0.3989166666666667,0.48908333333333337
6932635,0.39466666666666667,0.4285833333333333,0.17675
6893393,0.0015,0.069,0.9295
6940659,0.12,0.1065,0.7735
6891517,0.006,0.0355,0.9585
6818991,0.0285,0.2485,0.723
6899307,0.141,0.3585,0.5005
7175517,0.01,0.0885,0.9015
6895415,0.031,0.1345,0.8345
6945124,0.0405,0.1875,0.772
6878796,0.023,0.331,0.646
6901435,0.0495,0.1295,0.821
7098987,0.21325,0.37625,0.4105
6868925,0.086,0.4255,0.4885
6862452,0.335875,0.3768333333333333,0.28729166666666667
6904865,0.0045,0.0175,0.978
6872445,0.0125,0.23,0.7575
6816856,0.0355,0.1715,0.793
6910410,0.002,0.0485,0.9495
6847518,0.02,0.3085,0.6715
6860992,0.006,0.142,0.852
7093387,0.043,0.3445,0.6125
6891540,0.227275,0.34,0.432725
6928645,0.0145,0.1125,0.873
6874105,0.033,0.181,0.786
6819576,0.09683333333333334,0.2569583333333333,0.6462083333333333
6817538,0.004,0.021,0.975
6819741,0.596,0.195,0.209
6878626,0.133,0.391,0.476
6901210,0.0165,0.2125,0.771
6888879,0.043,0.627,0.33
6888947,0.0865,0.271,0.6425
6883374,0.0025,0.027,0.9705
6836031,0.031,0.1615,0.8075
6851387,0.0005,0.0165,0.983
6907149,0.066,0.264,0.67
6882595,0.105,0.313,0.582
6816916,0.071,0.228,0.701
6878470,0.0,0.019,0.981
6865752,0.0365,0.187,0.7765
7217321,0.148,0.4745,0.3775
6944366,0.11966666666666667,0.24665,0.6336833333333334
6918425,0.168,0.4165,0.4155
6821736,0.035,0.2545,0.7105
6936271,0.039,0.713,0.248
6874179,0.0885,0.2875,0.624
7135281,0.043,0.113,0.844
6942663,0.1905,0.3745,0.435
6903026,0.105,0.2835,0.6115
6824421,0.011,0.111875,0.877125
6820128,0.002,0.3375,0.6605
6850604,0.0465,0.2795,0.674
7120955,0.0015,0.0245,0.974
6847409,0.031,0.184,0.785
7056210,0.03,0.1045,0.8655
6939935,0.0315,0.077,0.8915
6844699,0.034,0.3165,0.6495
6833246,0.0555,0.425,0.5195
6845220,0.1035,0.5435,0.353
6824273,0.3575,0.4745,0.168
6873326,0.2665,0.339,0.3945
6941227,0.0065,0.1255,0.868
6899355,0.0015,0.058,0.9405
6880235,0.066,0.255,0.679
6850018,0.0935,0.529,0.3775
6818489,0.0245,0.807,0.1685
7159592,0.0515,0.227,0.7215
7200711,0.08005952380952382,0.37402380952380954,0.5459166666666667
6842278,0.0315,0.133,0.8355
6829488,0.0085,0.262,0.7295
6916976,0.0385,0.177,0.7845
6863573,0.012,0.1235,0.8645
6900303,0.0,0.0025,0.9975
6830686,0.1095,0.4025,0.488
7088285,0.1485,0.315,0.5365
6875119,0.16358333333333333,0.30291666666666667,0.5335
6852969,0.027,0.117,0.856
6834964,0.002,0.002,0.996
6888066,0.076,0.44,0.484
6862580,0.0145,0.234,0.7515
6902903,0.257,0.21608333333333335,0.5269166666666667
6940227,0.035,0.134,0.831
7094978,0.057,0.339,0.604
6849775,0.0145,0.161,0.8245
6852514,0.122,0.2564166666666666,0.6215833333333333
6908752,0.174,0.3195,0.5065
6926813,0.008,0.5705,0.4215
6867168,0.028,0.207,0.765
6916938,0.006,0.208,0.786
7217282,0.335,0.31225,0.35275
6830318,0.31,0.141,0.549
6841129,0.17775,0.35805000000000003,0.46420000000000006
6933898,0.0295,0.4185,0.552
6852224,0.145,0.3105,0.5445
6855108,0.1525,0.4365,0.411
6857681,0.082,0.3085,0.6095
7167282,0.001,0.0155,0.9835
6939214,0.1425,0.297,0.5605
6922283,0.151,0.4565,0.3925
6859605,0.013,0.09578333333333333,0.8912166666666667
6904148,0.036,0.1725,0.7915
6882954,0.055,0.453,0.492
6939093,0.006,0.0945,0.8995
6831383,0.0075,0.091,0.9015
6894471,0.0005,0.034,0.9655
6931008,0.087,0.64,0.273
6838588,0.028,0.205,0.767
6851730,0.014,0.2205,0.7655
6911988,0.0055,0.113,0.8815
6814325,0.034,0.557,0.409
6838809,0.3265,0.2385,0.435
6822777,0.08,0.2789833333333333,0.6410166666666667
6887378,0.06175,0.35095,0.5873
6913098,0.0045,0.082,0.9135
6936520,0.30929166666666663,0.409125,0.28158333333333335
6837850,0.1665,0.2965,0.537
6918818,0.003,0.2145,0.7825
6897497,0.002,0.033,0.965
6936577,0.055,0.3645,0.5805
6826594,0.182,0.4925,0.3255
6865047,0.013,0.225,0.762
6823879,0.133,0.3515,0.5155
6914868,0.312,0.468,0.22
6863654,0.001,0.021,0.978
6907061,0.067,0.2495,0.6835
7180725,0.031,0.125,0.844
7205244,0.028,0.2145,0.7575
6856962,0.3135,0.19125,0.49525
6885323,0.0045,0.043,0.9525
6912379,0.633,0.1325,0.2345
6858148,0.0605,0.2525,0.687
6814582,0.0415,0.199,0.7595
6940703,0.03,0.188,0.782
7181144,0.0615,0.478,0.4605
6825868,0.06,0.2005,0.7395
6889020,0.094,0.246,0.66
6869287,0.0045,0.0045,0.991
6871054,0.163,0.5205,0.3165
6870018,0.0155,0.14,0.8445
6895217,0.03916666666666667,0.1718333333333333,0.789
6855875,0.0365,0.214,0.7495
7185369,0.028,0.2565,0.7155
6848724,0.0695,0.175,0.7555
6912010,0.0635,0.5685,0.368
6911483,0.079,0.114,0.807
6826557,0.0195,0.319,0.6615
6893666,0.012,0.0675,0.9205
6946801,0.118,0.2025,0.6795
6871189,0.0025,0.0265,0.971
6844700,0.459,0.365,0.176
6832474,0.0085,0.065,0.9265
6922129,0.053,0.1245,0.8225
6941269,0.05,0.1295,0.8205
6850111,0.0125,0.084,0.9035
6871721,0.022,0.0895,0.8885
6834277,0.0,0.001,0.999
6815020,0.0945,0.20407738095238093,0.701422619047619
6839790,0.1015,0.43,0.4685
6929149,0.01,0.0685,0.9215
6832299,0.1945,0.2835,0.522
6908265,0.0065,0.173,0.8205
6819513,0.0815,0.1655,0.753
6922046,0.079,0.1635,0.7575
6911700,0.0045,0.161,0.8345
7132375,0.25,0.3195,0.4305
6826330,0.0275,0.612,0.3605
6892358,0.212,0.417,0.371
6844735,0.0555,0.2205,0.724
6830282,0.0085,0.09,0.9015
6831883,0.001,0.012,0.987
6861551,0.161,0.323125,0.515875
6857472,0.004,0.0495,0.9465
6844170,0.165,0.4825,0.3525
6870992,0.053,0.2545,0.6925
6824420,0.043,0.1485,0.8085
6842673,0.033,0.192,0.775
6870166,0.5595,0.2005,0.24
6923521,0.023,0.2115,0.7655
6923067,0.0375,0.485,0.4775
7102369,0.0965,0.674,0.2295
6918324,0.0235,0.047,0.9295
6875753,0.006,0.078,0.916
6858106,0.0505,0.406,0.5435
6945544,0.031,0.347,0.622
6843762,0.001,0.001,0.998
6916249,0.0115,0.17733333333333332,0.8111666666666666
6881283,0.19575,0.2455,0.55875
6905410,0.0095,0.0635,0.927
6892408,0.209,0.3265,0.4645
6930990,0.173,0.5862,0.24080000000000001
6835400,0.0035,0.024,0.9725
6867680,0.0485,0.4465,0.505
6910555,0.0415,0.1225,0.836
7178838,0.042,0.149,0.809
6925050,0.019,0.2285,0.7525
6831230,0.187,0.549,0.264
6884393,0.466,0.4855,0.0485
6850763,0.246,0.388825,0.365175
6835259,0.001,0.0085,0.9905
6878793,0.01,0.02,0.97
6843709,0.0565,0.40175,0.54175
6880861,0.151,0.461,0.388
6927246,0.0785,0.5255,0.396
6884364,0.325,0.3545,0.3205
6932934,0.0125,0.1175,0.87
6943694,0.1445,0.403,0.4525
6831730,0.0015,0.0185,0.98
6844928,0.282,0.461,0.257
6885511,0.1935,0.2365,0.57
6844807,0.1615,0.556,0.2825
6817080,0.01,0.041,0.949
6851413,0.047,0.174,0.779
6918623,0.0075,0.16,0.8325
6932080,0.287,0.4225,0.2905
7117345,0.004,0.0195,0.9765
6821425,0.0545,0.2435,0.702
6924403,0.0225,0.1685,0.809
6854123,0.0235,0.1525,0.824
6852889,0.1805,0.1355,0.684
6866387,0.0045,0.15,0.8455
6858128,0.0955,0.39,0.5145
6905129,0.114,0.4955,0.3905
6932035,0.0965,0.263,0.6405
6884265,0.2175,0.4655,0.317
6936966,0.0645,0.39517261904761897,0.540327380952381
6881098,0.0465,0.14495,0.80855
6869941,0.0125,0.1365,0.851
6864713,0.0155,0.0685,0.916
6905259,0.0125,0.1295,0.858
6889865,0.016,0.5815,0.4025
6870562,0.1695,0.444,0.3865
7124351,0.028,0.1705,0.8015
6857644,0.005,0.0675,0.9275
6891045,0.3285,0.383,0.2885
6929039,0.0885,0.4055,0.506
6916229,0.0025,0.0145,0.983
6833556,0.3415,0.2905,0.368
6838951,0.1315,0.3805,0.488
6868487,0.0845,0.1505,0.765
6869690,0.0925,0.3275,0.58
6864005,0.1786666666666667,0.2597,0.5616333333333333
6923234,0.1015,0.2665,0.632
6827182,0.0625,0.2815,0.656
7146069,0.047,0.176,0.777
6890503,0.0215,0.109,0.8695
6911066,0.129,0.258,0.613
6876163,0.3115,0.14009166666666667,0.5484083333333333
6920433,0.029,0.4625,0.5085
6826987,0.159,0.3015,0.5395
6831058,0.012,0.135,0.853
6944184,0.0305,0.2275,0.742
6868480,0.0585,0.1545,0.787
7097198,0.04,0.1382,0.8218
6914595,0.048,0.246,0.706
6879535,0.013,0.247,0.74
6900971,0.0135,0.0505,0.936
6878555,0.1315,0.31004166666666666,0.5584583333333333
6839324,0.115,0.256,0.629
6819925,0.01,0.053,0.937
6839386,0.0325,0.3225,0.645
6825584,0.045,0.3155,0.6395
7201758,0.0265,0.2,0.7735
6864463,0.075,0.54,0.385
6815348,0.0015,0.0095,0.989
6820756,0.0935,0.3385,0.568
6858699,0.0775,0.2055,0.717
6843115,0.042,0.09953333333333333,0.8584666666666667
6850824,0.0095,0.0645,0.926
6937635,0.021,0.142,0.837
6828911,0.0705,0.13226666666666664,0.7972333333333333
7154618,0.013,0.0735,0.9135
6939143,0.172,0.3635,0.4645
6823169,0.0045,0.161,0.8345
6924844,0.0895,0.4995,0.411
6815925,0.234,0.37716666666666665,0.38883333333333336
6947389,0.0015,0.0045,0.994
7203267,0.2225,0.27075,0.50675
6825953,0.1085,0.351,0.5405
6833542,0.042875,0.186125,0.771
6854302,0.0045,0.1165,0.879
6843122,0.0885,0.1735,0.738
6851851,0.043,0.117,0.84
6879971,0.0605,0.169,0.7705
7136227,0.0,0.0085,0.9915
6925138,0.0095,0.22345833333333331,0.7670416666666667
6875050,0.0115,0.1105,0.878
6935199,0.251,0.4075,0.3415
6848027,0.028,0.3475,0.6245
6904795,0.504,0.2565,0.2395
6818781,0.0355,0.1455,0.819
6871081,0.4713333333333333,0.2818,0.24686666666666665
6888945,0.0125,0.327,0.6605
6925993,0.065,0.11066666666666666,0.8243333333333333
6928183,0.1695,0.3515,0.479
6847449,0.0005,0.0375,0.962
6857762,0.0265,0.3195,0.654
6942172,0.07858333333333332,0.22866666666666666,0.69275
6916747,0.0375,0.1415,0.821
6813002,0.183,0.2005,0.6165
6923932,0.001,0.004,0.995
6939669,0.092,0.31533333333333335,0.5926666666666667
6854566,0.0765,0.1075,0.816
6909019,0.083,0.3456,0.5714
6869921,0.0025,0.0025,0.995
6864519,0.039,0.479,0.482
6849438,0.0275,0.238,0.7345
6916590,0.052,0.3745,0.5735
6947299,0.0535,0.2825,0.664
7152604,0.0,0.0015,0.9985
6894914,0.179,0.1525,0.6685
6914502,0.0085,0.0365,0.955
6820113,0.4355,0.23,0.3345
6924106,0.015,0.207,0.778
6840817,0.0525,0.24894999999999998,0.69855
6913090,0.098,0.373,0.529
6934517,0.1055,0.3175,0.577
7152770,0.002,0.0,0.998
6868529,0.16575,0.2565,0.57775
6836709,0.007,0.0315,0.9615
6868506,0.0075,0.1005,0.892
6941712,0.02,0.264,0.716
6932760,0.0335,0.206,0.7605
6850191,0.11008333333333334,0.4374166666666666,0.4525
6878745,0.099,0.769,0.132
7094259,0.139,0.218,0.643
6831807,0.246,0.117,0.637
6891698,0.0015,0.017,0.9815
6923465,0.1785,0.3240833333333334,0.4974166666666667
6899213,0.185,0.38,0.435
6923804,0.001,0.044,0.955
6918979,0.0115,0.05,0.9385
6862421,0.0075,0.126,0.8665
6900993,0.011,0.127,0.862
6861580,0.0365,0.0925,0.871
6906474,0.0035,0.033,0.9635
6847010,0.309,0.274,0.417
6817985,0.028,0.139,0.833
6879738,0.1225,0.6485,0.229
7169995,0.0505,0.2305,0.719
6901359,0.0075,0.1315,0.861
6837382,0.011,0.034,0.955
6874250,0.1695,0.4313,0.3992
6886924,0.0275,0.05275,0.91975
6894687,0.003,0.0415,0.9555
6937873,0.0755,0.3945,0.53
6852900,0.0855,0.151,0.7635
6929432,0.052,0.4355,0.5125
6844489,0.0275,0.1715,0.801
6844561,0.074,0.29,0.636
6933747,0.0685,0.435,0.4965
6940885,0.0065,0.086,0.9075
6873782,0.1905,0.433,0.3765
6882375,0.0715,0.5265,0.402
6878769,0.04,0.3685,0.5915
6827016,0.0715,0.5455,0.383
6820773,0.0455,0.346,0.6085
6921124,0.0215,0.403,0.5755
6817935,0.3615,0.21025,0.42825
7144533,0.05075,0.33625,0.613
6813648,0.152,0.208,0.64
6834670,0.0835,0.2455,0.671
6878185,0.048,0.2615,0.6905
6923378,0.0335,0.3160833333333334,0.6504166666666668
6932252,0.1805,0.271,0.5485
6857065,0.0015,0.0265,0.972
7169899,0.0565,0.3375,0.606
6887074,0.039,0.1085,0.8525
6849463,0.0355,0.2225,0.742
6934153,0.026,0.259,0.715
7116464,0.1035,0.1455,0.751
6897412,0.0505,0.086,0.8635
6925887,0.0555,0.539,0.4055
6848650,0.0715,0.244,0.6845
6818453,0.167,0.222875,0.610125
6943153,0.02,0.211,0.769
6946348,0.6225,0.242,0.1355
6878770,0.038,0.2605,0.7015
6827664,0.0025,0.0535,0.944
6922984,0.025,0.2845,0.6905
6864544,0.0585,0.159,0.7825
6931437,0.011,0.062,0.927
7171071,0.0795,0.1525,0.768
6908215,0.09,0.6315,0.2785
6813875,0.1395,0.3305,0.53
6845221,0.017,0.619,0.364
6900902,0.0565,0.1475,0.796
6925197,0.0805,0.323,0.5965
6850783,0.0005,0.0385,0.961
6869002,0.0895,0.509,0.4015
7172791,0.0625,0.259,0.6785
6936176,0.0025,0.002,0.9955
6839462,0.2095,0.258,0.5325
6828651,0.0435,0.265,0.6915
6912630,0.067,0.2185,0.7145
6925870,0.029,0.152,0.819
6823876,0.0425,0.1805,0.777
6932538,0.017,0.165,0.818
6905724,0.054,0.1895,0.7565
6872564,0.001,0.0125,0.9865
6821027,0.044,0.1555,0.8005
6943747,0.202,0.2745,0.5235
7150854,0.0035,0.0055,0.991
7140107,0.034,0.177,0.789
6925056,0.0445,0.5221666666666668,0.4333333333333333
6908834,0.025,0.211,0.764
6841620,0.0765,0.223,0.7005
6927175,0.1,0.6785,0.2215
6911333,0.0625,0.4215,0.516
6936227,0.128,0.2915,0.5805
6935640,0.0925,0.549,0.3585
6901738,0.023,0.317,0.66
6849053,0.7065,0.1905,0.103
6879561,0.209,0.472,0.319
7166280,0.20441666666666666,0.6438690476190476,0.15171428571428572
6889409,0.03,0.151,0.819
6898181,0.002,0.0195,0.9785
6881507,0.001,0.0025,0.9965
6895263,0.0015,0.0055,0.993
6830090,0.061,0.1595,0.7795
7215380,0.1565,0.395,0.4485
6817698,0.0595,0.2965,0.644
6906566,0.2205,0.36979166666666663,0.4097083333333334
6894990,0.034,0.2215,0.7445
6873889,0.1005,0.775,0.1245
6879553,0.013,0.2935,0.6935
6878327,0.3875,0.286,0.3265
6907502,0.2195,0.2575,0.523
6913646,0.0605,0.2055,0.734
7300745,0.07716666666666668,0.2095,0.7133333333333334
6839638,0.0425,0.2785,0.679
6856873,0.2105,0.3795,0.41
6855357,0.0725,0.222,0.7055
6899979,0.0015,0.008,0.9905
6908433,0.167,0.4725,0.3605
6907408,0.001,0.01,0.989
7170775,0.195,0.5065,0.2985
6894035,0.0435,0.0885,0.868
6847457,0.0045,0.1945,0.801
6846258,0.041,0.166,0.793
6833602,0.452,0.38725,0.16075
7113888,0.0735,0.426,0.5005
6896850,0.299,0.5455,0.1555
6874757,0.0285,0.0935,0.878
6818474,0.072,0.3275,0.6005
6902137,0.07575,0.25625,0.668
6870798,0.1535,0.321,0.5255
7127496,0.0575,0.2535,0.689
6902192,0.091,0.3675,0.5415
6881324,0.433,0.111,0.456
6928837,0.086,0.29625,0.61775
6882452,0.103,0.5845,0.3125
6828286,0.005,0.0565,0.9385
7126963,0.0325,0.254,0.7135
6862928,0.0015,0.004,0.9945
6822277,0.085,0.306,0.609
6889752,0.098,0.34554166666666664,0.5564583333333334
6861415,0.064,0.241,0.695
6812868,0.09233333333333332,0.4276666666666667,0.48
6937889,0.246,0.303,0.451
6935346,0.052,0.1425,0.8055
7282611,0.0305,0.1935,0.7760000000000001
6936347,0.429,0.2545,0.3165
6824954,0.021375,0.166125,0.8125
6892538,0.057,0.292,0.651
6928786,0.0075,0.042875,0.949625
7164678,0.19513333333333333,0.5686166666666665,0.23625
6889908,0.1885,0.2305,0.581
6913892,0.515,0.1135,0.3715
6837599,0.5285,0.233,0.2385
6925955,0.0045,0.043,0.9525
6833907,0.1635,0.616,0.2205
6874618,0.0535,0.23435833333333334,0.7121416666666667
6877202,0.11141666666666668,0.4403333333333333,0.44825
6928643,0.0025,0.064,0.9335
6904977,0.0135,0.142,0.8445
6890725,0.048,0.24973333333333333,0.7022666666666667
6821381,0.0545,0.426,0.5195
6876184,0.138,0.312,0.55
6900571,0.0145,0.083,0.9025
6885274,0.0145,0.042,0.9435
6839484,0.248,0.4045,0.3475
6940393,0.001,0.1855,0.8135
6947646,0.0305,0.2505,0.719
7171492,0.054,0.3555,0.5905
6929184,0.0275,0.177,0.7955
6890360,0.0305,0.263,0.7065
6857523,0.1965,0.339,0.4645
6913381,0.0185,0.5135,0.468
6849511,0.098,0.109,0.793
6877504,0.0085,0.1135,0.878
7140050,0.0015,0.0825,0.916
6821705,0.054,0.1605,0.7855
6828363,0.409,0.4105,0.1805
6834416,0.08,0.23956666666666665,0.6804333333333333
6930248,0.095,0.598,0.307
6859894,0.053,0.2795,0.6675
6812012,0.0275,0.1165,0.856
7163323,0.007,0.029666666666666668,0.9633333333333334
6842540,0.174,0.379,0.447
6868726,0.033,0.1045,0.8625
6941446,0.0585,0.288,0.6535
6870488,0.0035,0.034,0.9625
6839242,0.2995,0.272,0.4285
7218255,0.0075,0.095,0.8975
6934549,0.0755,0.186125,0.738375
6889895,0.0345,0.131,0.8345
6825020,0.021583333333333333,0.10608333333333334,0.8723333333333334
6894947,0.3625,0.3115,0.326
7140525,0.0,0.0025,0.9975
6911993,0.038,0.093,0.869
6824037,0.052,0.1955,0.7525
6882446,0.02,0.1525,0.8275
6902447,0.026,0.1675,0.8065
6931156,0.0935,0.264,0.6425
6857795,0.3475,0.3167857142857143,0.33571428571428574
6831494,0.0,0.004,0.996
6853601,0.0155,0.1875,0.797
7098382,0.048,0.5735,0.3785
6896764,0.179,0.3695,0.4515
6852315,0.0055,0.0345,0.96
6879859,0.1565,0.4605,0.383
6823182,0.017,0.1665,0.8165
7186095,0.2025,0.482,0.3155
